865
705
436
511
551
1304
395
415
336
293
235
292
445
297
164
191
261
199
306
345
500
411
728
350
503
487
476
436
317
277
412
516
463
518
439
286
429
405
315
408
539
345
413
440
268
553
356
359
677
325
400
371
342
351
247
410
276
594
738
377
253
693
426
349
509
773
419
452
368
328
283
391
297
202
226
282
213
176
232
256
173
235
298
251
400
277
642
428
394
452
343
308
230
271
332
292
361
404
251
405
233
349
181
464
332
419
312
491
260
380
591
279
137
348
352
246
188
200
262
287
215
292
438
179
314
41
237
322
366
374
372
472
269
517
181
297
284
259
255
211
333
278
255
188
175
180
354
287
319
142
106
224
209
216
229
152
366
80
168
134
199
245
303
119
206
95
235
229
230
138
336
236
156
228
137
188
217
148
149
244
71
365
148
144
120
195
98
305
121
83
138
190
179
86
162
194
184
62
53
77
115
78
360
127
129
67
105
154
92
184
113
131
157
115
71
51
47
238
85
58
102
191
125
53
74
81
53
102
81
107
161
272
240
74
290
160
62
187
148
74
98
159
55
129
78
58
154
137
427
31
52
70
55
110
45
51
222
62
43
45
126
72
45
38
26
87
93
147
163
100
52
71
37
85
61
34
297
52
37
121
33
61
417
22
204
69
50
34
45
77
77
16
77
26
52
104
74
86
57
29
82
31
39
133
125
68
55
152
29
79
46
70
167
122
35
57
47
33
36
64
63
45
141
130
82
90
114
79
39
127
49
110
32
50
34
54
54
170
98
37
45
11
28
127
128
36
46
123
32
51
36
37
36
50
181
62
110
18
77
27
19
34
39
38
51
18
102
88
76
109
23
47
47
24
91
94
62
147
54
62
410
44
66
31
42
48
33
81
16
36
54
30
44
34
137
37
46
40
20
42
48
16
60
14
30
39
42
40
47
93
34
14
39
63
23
59
22
16
5
12
7
8
27
24
28
46
17
190
24
7
113
90
26
12
7
6
11
5
14
8
7
15
153
56
85
38
56
165
53
23
23
13
4
2
10
2
6
4
27
48
43
32
14
4
79
231
2
5
13
15
35
3
82
5
32
24
7
55
14
152
64
140
31
26
8
12
13
170
27
49
3
7
16
8
30
144
15
4
8
9
16
42
43
7
97
16
103
5
13
10
22
35
10
7
8
6
9
265
16
8
25
18
8
13
21
8
17
3
4
2
9
7
5
15
2
3
36
12
7
2
10
24
9
6
15
5
3
1 评论</a>
4
8
10
8
44
8
2
2
7
10
6
14
5
28
3
8
4
26
8
2
12
0
8
9
15
19
1 评论</a>
1 评论</a>
2
7
4
12
16
20
32
17
27
