2541322710262197899
3224030025554495245
6186926670605855088
7058445850332842822
2805857187667892185
7202563810778628650
6240895446833165448
2878361953744414851
4432081885076110632
3703641822160778145
8862511523196095762
917015563707302125
9187862871483314018
3140646232469290953
6461365182133873430
7463678552757898542
2417946385991709916
3623051266721098243
4046849653770718754
6817963243444383334
6539594838571738059
5823336500211595373
6765791365171084598
1194439097064502173
6913115685775140349
6851662343591764788
171845710716145759
3207048822447224298
2417260733289254899
6528982323134260657
5774820175467379525
7008834087035656231
3869092625518808261
6044792858889600971
1366967223748665847
1688245215432289750
9192277619781920591
8872490615895121532
814484989273962868
2618071655833040119
5372726983970016977
111215045096605679
8047505622334699526
8331048988326542182
1547050276285896707
6971990629669599553
2805435264479451554
7222120804386067417
2907016635984135562
4174404914818268607
8181091843923720364
7552019375676854834
1728470291462902913
774915099810257382
3877221874475053193
635880144240681791
2564216054634175622
6442168287217940157
5380226453464308994
8931873728557530133
1736188242157790403
6410161999659956538
5736289124233883724
7832740516169759871
5943247086488842734
5759268889102129557
119437421665658832
4376992433492046742
8424918024491151105
1446452716614100188
2119663815626074405
8685762110847516884
1107640147092427767
8625281550492806963
1824100380026178800
3053457162320437599
2084156844505855512
116034231514452648
2451304598629678424
3871126426967412210
3561851376326365854
1828804819228159093
6326220436369961406
6370812921254942261
6248015280890980553
8745671332692707844
7283618507459858925
4284766998666795480
8753425754579155617
4978741467609316221
3417663278878328480
6716010166185016853
639873997133647088
4993888306187924071
8002928234899343454
7416388986393426615
550413662897183523
671047470856282198
7559978436660227503
5795366773235021550
5097584791896395855
8032767460880898149
8232206086651598215
5524867522351028757
8066552452864975669
1367326994136357451
905658975250237274
1601583393103479540
1822269122436808724
3744847936157962321
2089033291627185865
6240512080860578926
637337832467183053
8389183660795480027
7023728249858654098
7289962166312306801
8334198661960685163
3799222177090527990
7290616487263856611
3333588396016060346
6923234224619246045
1431545665947927265
2704225393017895230
1676644662498898143
8380087561999960001
7982012316885399752
4103248440922080159
5922998480225928434
2931130937029456202
3592588901899405955
4931668895017545997
3544317389143776752
4520660391548090315
900691859120373456
1559334081558668051
3251762884134428124
4834941176010029603
1699659675157622899
9039100661366640739
7358142742948646749
2904947260305594051
6790852501626061385
6074020955678714976
23498953896389028
1004506840083804808
2193690795899991513
7436140012977958497
5081074868531947313
86859421068282397
8431348149549517410
488758380494324846
8296942743543842456
2854990186238183349
8503607155935111004
8579600911147538468
8027850145116553462
176369049659584780
5832692351390966713
6770141506232821610
6710514634858443586
482827479649181203
7801833217010001952
8302516381101187179
1647428399834480847
3654057536586493176
1378711348413028345
7428193758192914105
1443028336506194496
6527668863310841818
379323252540356175
733242513342873250
6852579112231983471
6432486306344033389
6658218460815320973
2256918033948837128
4941243948748289172
2988097726264328085
199311007121031181
4036165739420049792
492251512383663327
7467376326438112421
8408025012031941786
2701782986490415166
7165199965499302966
9012263790664041011
3897303030145963024
8635344618104852464
922925565080079763
3906151055813758304
2564149193300413981
3390431593073737111
6139481491343144940
394041811772613379
3973740093594491278
1121615410347773944
4390522860830581216
878098551045228654
3866778523276915512
1132032577124646531
6485669306711734919
4697321397731410574
7317708721628823116
5755326249098358838
7499673867787561709
449366449153721021
5080459982364244506
4398591832902212211
4209473564345538119
5522652111890008280
7359396962416899668
3073863887708640792
8443355036594867402
3190155672214828113
4828929509001389580
6291246392482856975
8863635921371099287
3159380995779153534
8529188145112380192
5447420005818419535
8843526109266064329
245443561645483243
1173540917099381572
3987198816462977029
7789150949140666011
1498631826980861535
3556914426940273553
7468643666120351907
2262611264927617118
4343740336863402076
6650981453299240868
544961226625984539
906910928415822183
2918677027697064548
1512445472692538793
6944453719343094575
7116151907847990048
7697522405213864452
4586802057678147441
6009265498454996725
5872825437145468322
981108389559585963
6133785271271169471
7023799536696346237
5172857727434602824
1294512688104626558
4568093315079997459
6979374222964590510
2772752886262375470
5207768724428812421
982425475516830740
6733644464796430092
9051929082752034782
6951570990272616535
2278987175447006626
9175881445311369459
1319279533183140135
6669656547088003061
6830521516078399140
4289454751397596135
6202278084877257371
5515397093909245481
4319522677511378299
2155324555963292506
6464865148776174133
8846673408520043174
7445876514455080632
1495748144550725289
1736012276496992358
8013463250830849786
2509875061118678847
6378761680644652427
864434823129709398
1311623098568629964
2742337243958941373
2322414227602119732
5611622831347766217
886551873384763161
5766481470186469970
6269191994503531500
8233743808106859262
8894310593369937745
8475155824435226339
7960250936747729509
5965709775905909723
5207253548008024132
8317050087058005569
263306465683369177
6258293379445918926
5855635915299632814
6359334597189230326
4321700976033502594
7309731107236851468
1046465495666782705
2058388346983418820
7946744708765546083
6480968132358398554
4925978213247402295
2704948640969790443
4310602610879198166
104359562485365553
968770302213434848
8808473802210663788
2825423227624622226
7658425569998025625
4891199656976799881
4545859752078496076
8793278964644746367
4453655768693738283
820657691737025989
1762269575391926408
2062272897586697070
1810206475581925455
1699419943242089543
6762015183463766732
654343016662785715
1471150368140611128
5848439168265802632
3007953837129437435
5774642905906836462
2112947110837796682
2190568491576614342
6498663877938321920
7984218008545744100
2044232179200621425
6977994956893312451
3465590485138480755
5167729474941440412
7644948530449722072
7216925227608983844
1917736003836609361
4324571848250928612
2263087291505131273
6759138560982661556
6034095122981705564
1275628213359715843
5502124836670257670
7558471760770969201
9112750523793113594
3301907172422509040
4487024408508763520
7465617441397318851
5831436948318427218
8331294920595025751
3796014186249103397
432158457873129384
5483960549380610982
8328182638892327098
5017379385306630686
8656060826985573798
6808619434628633043
5710583568078384982
2138799300657798116
3966950627352487515
3649058098930178793
7283966968335405547
3417038649933691786
454309914865938762
4770631295484244006
6935213488566283830
4008066832120004892
1492342896407217137
1685734579817523692
2423107457130521838
2506528868584194114
6054050050816554616
5549353397427757807
6139936499472975495
4529533217944134752
3943140197928109141
5601642020249066463
7707231472940840449
5091451153711868482
1972370044768324767
2587298767006567995
7979042852908336138
4188143299726006404
8204630715952508578
4729116618318467050
8908709463368564893
2713464044922488905
4557300183924461169
4716960756522238062
708014257693194530
976716710746739887
9005095092552427877
8446226985525393452
1817933058426237822
1518181271323738345
9095201034119965617
8400946241229525514
775820056645886579
6952608610464485422
3716638578768753179
5893733972671459093
2702402451695270683
5759148980271339245
6228420106846671012
796677734752127641
6327669275807476462
6936493449270805190
9217693834470074569
4745976723598992533
3213675673137053542
7181536563674368875
1301704089882758267
3522080210024899233
8500189216145759082
8930935303205023292
709032645234317031
1918748907457549451
947457901010084130
2947633291738784446
8120441063842135353
4308196790329584027
8168087949951776457
4140346503595987999
8870047687302418755
181125302983157286
8576816121140867274
3522779755530909998
5138846948496279674
8303751510525559782
3718178319365284173
6043189899759355412
7961287777895865358
841403576655969512
9201863761402182439
1548862640392540647
239978863757006777
4048499916947292770
2255762419120959972
1150528891413302714
8566607804801212444
1453274792715918278
7990655830008051980
4441387275707184061
6613808216816700204
1008378380681030884
5192550098780354656
7679722274197791794
1720625088783216691
5296721757699232198
5523133997160616509
191766074137206641
5082510950252482172
8348787005664720356
1853847786617935627
9059771641042915698
4441963658243277677
4616036769091373675
2393341738001876462
1333606266405679887
9201252571945254644
3138188043884478823
8122624918606431030
3258935605600056141
2930877115442143301
4593964046618669119
3268165124446770230
6462245717414499883
5421632726777912607
8852074628760002297
3223949134145187363
278371333926388657
216917822503105578
1959828859626632070
2749113241901218576
1510119422416499195
7333413700871780338
1932370385403388144
3925103948376519130
624021679074791698
458409796168229288
6570903031866125981
7902334588683316093
7693162845910825934
2981777077287400147
4951515962631210982
8655432580735714953
2034723508149042447
842036157622058125
1830881101768502150
8030582646437739985
289028192061875115
6494193414270213700
262794408345366695
3236670608712678781
9015246261998111859
8059176354822538417
526668020440615937
7735666514325848214
3095258131915514978
3360741394894266096
4814239978597819604
8098338249748383728
1358228702608348507
7092197731475928345
2873791048655717449
7982070581321107779
6484015855415323018
9125724674139258055
4662918440077013781
1906020955152995546
2058439031826878941
7095482494860952355
2132637013063581781
808762830240270218
7652133320390389314
8982886493469757804
4923035490378133665
3030580910704249481
7375722474912489705
7948178736903906672
6012144596662677113
8377210459814528403
577587349064933504
3647348597033072203
6558849449399032076
7067733361025204874
8038395837816623282
7949473761098910012
4899969235903423039
7572636608525031391
5765425269123222513
1022729887606912193
5838538032962523300
8894494573359321769
3810744608595786521
7018617488271495178
4966221415144005614
2000168982708073220
2977893841103338691
6219055650120088595
5187185389678875409
3912384195676597006
5335797606940524821
7966783034491899523
7356159185142195160
6646291776760271127
6079639881320464303
7214925809950299661
9025031134596087623
3911381503073214881
4983622301682388536
7970699415688694462
1060162303154831566
6279885735733894450
2780885343012239452
119843373699652312
3258537316413272392
1857792965598494567
9007580521568446640
7686338236148895351
1775562433187265792
3174965147058425565
2361339550467439522
7159525549088102959
6730784420764331954
4803944310352195553
5256051381573290083
4918610138580635031
7037070877333010756
3663553453806303248
2820429190154349644
1138942046909536208
4641645620982017058
2327008530222839263
8199315904835467345
5886745261051592443
8780465456018606025
4224161085093454811
3189826212856614316
6460812117466816691
1478073515884015552
5381164007554891288
1129154925307979041
2657823534985166077
8933342885575256521
1583072147563832880
4175044161032071776
5930150068940465526
2716132730616524427
5945030061600087254
424851972287256627
5196793569525132367
