31
564
434
626
415
486
634
543
673
410
512
838
681
490
577
658
869
1706
1488
978
1031
964
1104
501
626
838
565
1011
927
567
532
423
537
265
384
525
499
608
573
443
189
651
452
649
325
446
436
778
566
902
362
471
648
676
469
607
442
686
612
659
462
380
527
617
1243
618
527
978
771
416
320
365
259
289
226
219
293
357
375
244
240
256
309
268
351
288
255
318
532
664
834
663
437
514
554
940
568
846
800
1033
1110
970
1217
1194
1421
748
406
586
642
775
788
1777
1332
844
1440
858
855
2555
730
460
525
561
1321
403
427
340
296
239
293
446
301
165
194
262
204
323
349
502
420
743
355
506
493
477
437
326
278
416
516
475
526
441
287
429
407
315
419
545
345
413
440
271
556
359
359
717
327
403
372
346
351
248
420
276
610
738
377
257
697
430
350
537
786
423
465
372
328
283
391
298
202
226
282
213
176
232
261
173
236
299
251
407
277
644
462
394
461
343
311
230
279
334
307
370
404
259
406
233
350
181
465
342
430
314
556
260
380
599
279
137
348
361
247
188
210
268
287
216
296
438
180
315
47
237
322
373
382
372
472
269
518
181
303
285
259
257
216
337
279
256
191
180
181
361
289
350
148
108
224
212
217
229
153
366
80
172
135
211
245
304
119
206
96
272
229
238
139
338
237
156
230
146
189
251
178
149
253
71
385
170
148
121
195
100
333
127
88
154
212
189
86
172
196
194
62
53
77
115
87
398
130
144
69
105
166
94
195
113
131
157
115
73
52
47
253
92
59
102
192
125
56
75
81
53
106
101
112
161
275
240
78
292
163
62
187
159
74
99
161
55
130
84
58
161
137
438
31
55
83
55
119
45
51
222
62
43
46
126
74
45
41
33
93
94
147
177
100
61
91
37
87
61
39
319
54
37
121
33
61
458
22
214
69
50
35
45
81
78
16
92
27
64
118
74
88
60
29
87
31
39
133
125
68
55
152
29
82
60
70
176
124
36
59
47
33
36
64
64
51
141
130
82
92
115
82
39
127
49
115
32
51
34
59
54
172
98
37
45
11
29
134
129
36
46
128
37
64
47
37
37
54
225
63
200
18
82
40
22
34
39
39
52
18
103
106
77
110
26
49
47
25
91
97
62
162
56
62
415
51
68
35
42
48
35
90
16
62
66
30
45
35
142
52
49
40
20
44
55
18
71
14
33
46
43
47
47
96
42
16
39
70
33
74
23
17
5
18
7
12
43
30
33
61
24
247
27
11
115
96
31
15
10
6
14
6
14
8
8
24
198
77
140
40
57
165
59
26
24
14
4
2
13
2
6
4
32
57
54
42
14
4
87
256
2
5
14
16
41
4
103
7
34
42
49
58
14
167
76
181
34
28
10
14
16
180
30
57
5
7
16
9
38
148
19
4
8
10
18
54
53
7
115
17
143
5
13
10
29
45
11
8
14
6
10
306
21
10
52
19
8
13
21
9
18
6
6
2
9
10
5
18
3
3
36
12
9
2
11
25
11
6
16
5
3
6
4
10
13
9
55
10
2
2
7
14
8
15
5
32
3
9
4
27
8
2
12
0
8
13
17
22
2
12
2
7
6
13
17
24
34
23
69
