180
1681
1473
974
1027
959
1096
488
614
835
563
1009
924
566
530
419
531
264
383
523
497
607
573
443
189
637
451
649
325
445
436
776
565
901
362
469
648
676
458
590
442
684
611
657
461
380
527
617
1240
618
527
978
771
414
320
365
259
289
226
219
293
355
365
244
240
256
304
268
351
284
254
318
530
662
834
663
436
514
554
940
568
846
800
1033
1110
970
1217
1194
1421
748
404
586
642
775
788
1777
1332
844
1440
857
852
2555
730
460
525
561
1320
403
427
340
296
239
293
446
301
165
194
262
204
320
348
502
420
743
355
506
493
476
437
326
278
414
516
475
526
441
286
429
407
315
419
545
345
413
440
271
556
358
359
716
327
403
372
346
351
248
420
276
598
738
377
257
697
429
350
536
785
422
461
372
328
283
391
298
202
226
282
213
176
232
260
173
236
299
251
407
277
644
462
394
461
343
311
230
278
334
306
369
404
259
406
233
350
181
465
342
429
314
556
260
380
599
279
137
348
361
246
188
210
267
287
216
296
438
180
315
47
237
322
371
382
372
472
269
518
181
303
285
259
257
216
337
279
256
190
179
181
361
289
347
148
108
224
212
217
229
153
366
80
172
135
210
245
304
119
206
96
270
229
238
139
338
237
156
230
140
189
250
177
149
253
71
383
169
146
121
195
100
331
126
88
150
209
189
86
163
196
188
62
53
77
115
86
392
130
144
68
105
158
94
195
113
131
157
115
72
52
47
253
92
58
102
191
125
56
75
81
53
104
100
111
161
274
240
78
290
163
62
187
159
74
99
161
55
130
84
58
160
137
438
31
55
82
55
119
45
51
222
62
43
46
126
74
45
41
32
93
94
147
176
100
60
84
37
87
61
39
316
54
37
121
33
61
456
22
213
69
50
35
45
81
78
16
91
27
64
117
74
88
60
29
87
31
39
133
125
68
55
152
29
82
56
70
175
124
36
59
47
33
36
64
64
51
141
130
82
92
115
82
39
127
49
115
32
51
34
57
54
172
98
37
45
11
29
133
129
36
46
127
37
60
47
37
37
54
223
63
196
18
80
33
22
34
39
39
52
18
103
105
77
110
25
49
47
25
91
96
62
162
56
62
414
50
68
35
42
48
35
90
16
58
66
30
45
35
141
51
49
40
20
44
55
18
71
14
32
46
43
43
47
96
40
16
39
70
33
74
23
17
5
18
7
12
43
30
33
61
23
243
25
11
115
96
31
15
9
6
13
6
14
8
8
24
193
76
140
39
56
165
55
25
24
14
4
2
13
2
6
4
32
57
54
42
14
4
86
252
2
5
14
16
41
4
103
7
34
35
49
58
14
166
75
171
34
27
9
14
16
179
30
57
5
7
16
9
38
147
18
4
8
10
18
53
52
7
112
17
142
5
13
10
29
44
10
8
14
6
10
305
21
9
52
18
8
13
21
9
18
6
4
2
9
10
5
18
3
3
36
12
9
2
11
25
11
6
16
5
3
6
4
9
13
9
54
10
2
2
7
11
8
15
5
32
3
9
4
27
8
2
12
0
8
13
17
22
2
12
2
7
6
13
17
23
34
21
66
