250
653
453
359
515
613
1172
616
520
976
769
414
318
362
259
288
219
219
289
344
346
243
239
255
304
262
350
271
248
315
521
657
833
658
431
514
553
938
567
845
799
1032
1106
970
1210
1194
1420
743
401
586
634
775
786
1777
1332
843
1439
857
849
2555
730
459
521
557
1319
403
422
340
296
236
293
446
301
165
194
262
201
319
348
502
419
742
355
506
493
476
437
322
278
414
516
474
523
441
286
429
407
315
418
545
345
413
440
271
555
357
359
695
327
403
372
345
351
248
417
276
598
738
377
254
697
429
350
521
781
422
459
370
328
283
391
297
202
226
282
213
176
232
257
173
236
298
251
405
277
642
452
394
460
343
311
230
275
334
303
363
404
258
406
233
350
181
465
339
426
314
547
260
380
597
279
137
348
357
246
188
207
265
287
216
295
438
180
314
44
237
322
370
382
372
472
269
517
181
301
284
259
257
212
336
279
255
189
178
181
356
288
338
146
108
224
212
216
229
153
366
80
168
135
205
245
303
119
206
96
249
229
237
139
336
236
156
228
138
189
229
171
149
252
71
374
150
145
121
195
98
312
123
87
147
195
182
86
162
194
187
62
53
77
115
82
386
129
135
68
105
158
94
189
113
131
157
115
72
52
47
250
90
58
102
191
125
56
74
81
53
104
94
109
161
274
240
74
290
163
62
187
156
74
98
161
55
129
83
58
158
137
435
31
54
79
55
116
45
51
222
62
43
45
126
73
45
39
29
92
94
147
171
100
59
79
37
85
61
34
314
52
37
121
33
61
446
22
207
69
50
34
45
78
78
16
87
27
62
116
74
87
57
29
82
31
39
133
125
68
55
152
29
80
50
70
170
123
35
57
47
33
36
64
64
47
141
130
82
90
114
82
39
127
49
111
32
50
34
56
54
172
98
37
45
11
29
129
129
36
46
127
36
51
46
37
36
51
207
63
185
18
77
31
20
34
39
38
51
18
102
101
76
110
24
48
47
25
91
95
62
159
56
62
413
48
67
31
42
48
34
83
16
47
60
30
45
35
138
48
49
40
20
44
50
17
67
14
30
41
42
42
47
96
40
16
39
69
30
65
22
16
5
18
7
12
38
30
33
55
23
234
25
10
115
96
29
14
8
6
12
5
14
8
7
21
175
71
115
39
56
165
55
25
24
14
4
2
13
2
6
4
27
56
53
42
14
4
82
246
2
5
14
16
40
4
97
6
34
31
7
57
14
161
73
159
34
26
8
14
16
173
30
55
5
7
16
8
37
147
18
4
8
9
17
49
49
7
107
17
120
5
13
10
26
41
10
8
14
6
9
286
19
9
45
18
8
13
21
9
18
3
4
2
9
9
5
17
3
3
36
12
9
2
11
24
9
6
15
5
3
6
4
9
13
9
47
10
2
2
7
11
8
14
5
32
3
8
4
27
8
2
12
0
8
12
17
21
2
12
2
7
6
12
17
23
32
18
62
