0
311
524
259
375
516
486
606
570
439
187
636
448
648
322
442
436
774
565
898
361
462
647
673
456
586
438
684
608
657
456
374
526
616
1218
618
525
977
771
414
320
362
259
289
221
219
290
351
354
243
240
256
304
264
351
282
250
318
530
661
834
662
432
514
554
940
568
846
800
1033
1109
970
1213
1194
1421
746
401
586
639
775
788
1777
1332
844
1439
857
850
2555
730
459
523
559
1320
403
423
340
296
237
293
446
301
165
194
262
201
320
348
502
420
742
355
506
493
476
437
326
278
414
516
475
526
441
286
429
407
315
418
545
345
413
440
271
555
357
359
702
327
403
372
345
351
248
417
276
598
738
377
256
697
429
350
536
784
422
461
371
328
283
391
297
202
226
282
213
176
232
257
173
236
299
251
405
277
642
457
394
460
343
311
230
275
334
305
369
404
258
406
233
350
181
465
339
428
314
553
260
380
599
279
137
348
358
246
188
208
266
287
216
295
438
180
315
44
237
322
370
382
372
472
269
517
181
301
284
259
257
214
337
279
256
189
179
181
359
289
341
147
108
224
212
217
229
153
366
80
172
135
209
245
304
119
206
96
266
229
237
139
338
236
156
228
140
189
233
172
149
252
71
381
152
145
121
195
99
314
124
87
148
198
187
86
162
194
188
62
53
77
115
83
392
129
144
68
105
158
94
190
113
131
157
115
72
52
47
250
92
58
102
191
125
56
75
81
53
104
100
109
161
274
240
78
290
163
62
187
156
74
98
161
55
129
84
58
158
137
437
31
55
82
55
116
45
51
222
62
43
45
126
74
45
41
31
92
94
147
176
100
59
83
37
86
61
34
315
54
37
121
33
61
448
22
210
69
50
35
45
79
78
16
88
27
64
117
74
88
57
29
82
31
39
133
125
68
55
152
29
80
56
70
171
123
35
59
47
33
36
64
64
50
141
130
82
90
114
82
39
127
49
114
32
50
34
56
54
172
98
37
45
11
29
129
129
36
46
127
37
60
46
37
37
53
217
63
190
18
78
31
21
34
39
38
51
18
103
103
77
110
24
49
47
25
91
95
62
159
56
62
413
48
68
35
42
48
35
90
16
51
60
30
45
35
141
50
49
40
20
44
55
18
69
14
32
42
42
43
47
96
40
16
39
69
30
72
22
17
5
18
7
12
40
30
33
59
23
237
25
10
115
96
29
15
9
6
12
6
14
8
8
24
177
72
139
39
56
165
55
25
24
14
4
2
13
2
6
4
27
56
54
42
14
4
85
247
2
5
14
16
40
4
100
7
34
34
45
58
14
163
74
162
34
26
8
14
16
173
30
57
5
7
16
8
37
147
18
4
8
10
18
52
51
7
111
17
129
5
13
10
28
41
10
8
14
6
9
297
19
9
50
18
8
13
21
9
18
3
4
2
9
10
5
18
3
3
36
12
9
2
11
24
9
6
16
5
3
6
4
9
13
9
50
10
2
2
7
11
8
15
5
32
3
8
4
27
8
2
12
0
8
12
17
22
2
12
2
7
6
12
17
23
33
19
62
